spawns: 
  default: 
    world: world
    x: -599.2489940286348
    y: 87.0
    z: 285.10032263833835
    yaw: -177.62558
    pitch: 17.419249
