lastAccountName: Popo_Gonry
timestamps:
  login: 1586428420338
  lastteleport: 1585664446803
  logout: 1586428553966
ipAddress: 192.168.55.147
afk: false
lastlocation:
  world: world_nether
  x: 164.62547238187958
  y: 53.0
  z: -151.83581559877223
  yaw: 127.070076
  pitch: 15.87011
homes:
  home:
    world: world
    x: 1159.9320191135614
    y: 15.0
    z: 1537.542915402059
    yaw: -246.8208
    pitch: 37.661312
logoutlocation:
  world: world
  x: -471.8237432244778
  y: 66.0
  z: 521.3482010569732
  yaw: 71.79311
  pitch: 15.7775755
